Ts=0.01